1,317,259.05,179.9,53.25,126.16,1,1,1.0
1,318,439.61,441.14,58.889999999999986,144.76,1,1,1.0
1,319,565.74,408.01,84.25999999999999,138.69000000000005,1,1,1.0
1,320,525.65,334.8,55.940000000000055,157.11,1,1,1.0
1,321,616.11,295.35,60.69999999999993,129.72999999999996,1,1,1.0
1,322,548.27,191.8,61.889999999999986,128.53999999999996,1,1,1.0
1,323,527.7,104.92,45.559999999999945,93.98,1,1,1.0
1,324,592.1,139.43,37.10000000000002,102.57,1,1,1.0
1,325,633.5,59.69,43.700000000000045,98.61000000000001,1,1,1.0
1,326,702.0,96.58,44.200000000000045,95.42,1,1,1.0
2,317,279.28,159.66,49.32000000000005,130.14000000000001,1,1,1.0
2,318,388.78,410.8,55.920000000000016,159.59999999999997,1,1,1.0
2,319,506.61,400.09,81.99000000000001,148.70999999999998,1,1,1.0
2,320,473.7,356.05,63.85999999999996,160.05,1,1,1.0
2,321,511.48,315.36,119.41999999999996,120.94,1,1,1.0
2,322,562.6,183.9,48.5,130.29999999999998,1,1,1.0
2,323,593.35,97.4,35.70999999999992,97.0,1,1,1.0
2,324,623.36,139.43,32.139999999999986,102.47,1,1,1.0
2,325,657.2,60.76,45.59999999999991,99.54000000000002,1,1,1.0
2,326,707.34,96.58,33.319999999999936,102.36,1,1,1.0
3,317,296.9,165.82,49.200000000000045,119.98000000000002,1,1,1.0
3,318,338.67,359.81,48.93000000000001,142.79000000000002,1,1,1.0
3,319,400.48,380.77,87.62,160.12,1,1,1.0
3,320,462.5,376.0,85.5,137.89999999999998,1,1,1.0
3,321,394.3,314.15,56.30000000000001,135.75,1,1,1.0
3,322,569.2,205.63,67.29999999999995,107.57,1,1,1.0
3,323,645.7,98.29,43.19999999999993,94.40999999999998,1,1,1.0
3,324,649.65,148.79,45.64999999999998,93.51000000000002,1,1,1.0
3,325,672.4,76.15,26.889999999999986,100.85,1,1,1.0
3,326,691.99,109.06,44.90999999999997,89.84,1,1,1.0
3,327,308.47,393.4,23.739999999999952,24.610000000000014,1,2,1.0
4,317,300.2,194.68,65.30000000000001,102.92000000000002,1,1,1.0
4,318,298.38,356.31,47.22000000000003,126.29000000000002,1,1,1.0
4,319,341.91,378.51,85.78999999999996,138.78999999999996,1,1,1.0
4,320,518.6,339.63,107.43999999999994,159.97000000000003,1,1,1.0
4,321,259.3,346.26,95.5,122.34000000000003,1,1,1.0
4,322,565.88,236.16,68.51999999999998,119.73999999999998,1,1,1.0
4,323,697.73,100.39,29.470000000000027,93.01,1,1,1.0
4,324,661.5,160.08,50.10000000000002,90.01999999999998,1,1,1.0
4,325,667.2,88.85,30.299999999999955,98.75,1,1,1.0
4,326,689.76,124.53,27.639999999999986,89.47,1,1,1.0
4,327,296.4,319.8,17.400000000000034,19.0,1,2,1.0
5,317,322.97,199.43,75.13,104.26999999999998,1,1,1.0
5,318,276.24,353.36,50.06,140.64,1,1,1.0
5,319,386.3,363.96,91.24000000000001,145.04000000000002,1,1,1.0
5,320,659.0,338.93,73.79999999999995,153.26999999999998,1,1,1.0
5,321,196.7,341.3,65.69999999999999,153.0,1,1,1.0
5,322,638.0,254.0,75.5,128.8,1,1,1.0
5,323,730.75,105.71,29.549999999999955,91.59000000000002,1,1,1.0
5,324,694.64,180.85,50.49000000000001,80.17999999999998,1,1,1.0
5,325,662.0,101.56,33.72000000000003,96.63999999999999,1,1,1.0
5,326,673.7,129.61,38.83999999999992,90.19,1,1,1.0
5,327,318.7,228.39,23.74000000000001,24.620000000000005,1,2,1.0
6,317,378.3,214.17,60.56,107.53,1,1,1.0
6,318,281.34,361.63,58.76000000000005,133.87,1,1,1.0
6,319,509.5,327.44,62.799999999999955,136.66000000000003,1,1,1.0
6,320,758.68,310.81,42.22000000000003,134.39,1,1,1.0
6,321,227.2,331.58,62.59000000000003,139.02000000000004,1,1,1.0
6,322,697.0,239.26,71.0,153.14,1,1,1.0
6,323,732.01,106.56,43.49000000000001,93.63999999999999,1,1,1.0
6,324,683.96,198.2,78.13999999999999,77.90000000000003,1,1,1.0
6,325,649.4,121.84,32.79000000000008,103.16,1,1,1.0
6,326,664.2,135.7,50.59999999999991,100.20000000000002,1,1,1.0
6,327,405.05,254.37,18.94999999999999,21.829999999999984,1,2,1.0
7,317,465.36,222.25,40.44,111.25,1,1,1.0
7,318,286.44,369.9,67.66000000000003,128.70000000000005,1,1,1.0
7,319,552.6,286.91,42.60000000000002,136.64999999999998,1,1,1.0
7,320,811.67,299.67,51.129999999999995,137.13,1,1,1.0
7,321,265.9,308.57,79.25,122.53000000000003,1,1,1.0
7,322,738.42,251.48,59.280000000000086,135.22,1,1,1.0
7,323,672.76,118.7,45.84000000000003,85.2,1,1,1.0
7,324,639.25,218.25,37.450000000000045,95.55000000000001,1,1,1.0
7,325,616.84,142.0,24.639999999999986,98.03,1,1,1.0
7,326,647.39,154.02,31.110000000000014,97.07999999999998,1,1,1.0
7,327,487.2,265.7,17.600000000000023,17.0,1,2,1.0
8,317,489.1,241.85,51.60000000000002,116.85,1,1,1.0
8,318,286.44,383.27,52.860000000000014,138.93000000000006,1,1,1.0
8,319,572.21,272.65,48.99000000000001,126.45000000000005,1,1,1.0
8,320,860.48,316.5,58.51999999999998,140.39999999999998,1,1,1.0
8,321,355.7,296.99,64.30000000000001,130.81,1,1,1.0
8,322,718.81,251.61,77.19000000000005,124.08999999999997,1,1,1.0
8,323,593.6,127.85,46.5,95.55000000000001,1,1,1.0
8,324,563.84,207.02,28.159999999999968,103.67999999999998,1,1,1.0
8,325,579.2,154.5,21.25,91.97,1,1,1.0
8,326,602.73,172.92,34.0,104.65,1,1,1.0
8,327,524.6,257.31,15.549999999999955,17.49000000000001,1,2,1.0
9,317,472.38,201.8,45.82000000000005,145.39999999999998,1,1,1.0
9,318,279.59,397.3,61.910000000000025,150.49999999999994,1,1,1.0
9,319,595.9,261.42,56.200000000000045,124.38,1,1,1.0
9,320,917.9,340.38,70.0,141.12,1,1,1.0
9,321,440.3,303.03,93.80000000000001,123.07000000000005,1,1,1.0
9,322,758.53,268.32,60.89999999999998,119.36000000000001,1,1,1.0
9,323,522.4,147.62,47.60000000000002,96.18,1,1,1.0
9,324,501.36,257.45,58.639999999999986,100.65000000000003,1,1,1.0
9,325,541.2,175.79,32.389999999999986,102.60999999999999,1,1,1.0
9,326,562.61,189.84,37.68999999999994,105.35999999999999,1,1,1.0
9,327,553.64,142.9,16.360000000000014,18.129999999999995,1,2,1.0
10,317,442.0,252.86,50.5,133.14,1,1,1.0
10,318,250.1,422.15,64.22999999999999,151.14999999999998,1,1,1.0
10,319,618.05,265.5,74.25,126.19999999999999,1,1,1.0
10,320,953.21,358.53,83.19000000000005,150.27000000000004,1,1,1.0
10,321,534.1,326.0,63.39999999999998,131.39999999999998,1,1,1.0
10,322,780.94,286.66,64.45999999999992,147.94,1,1,1.0
10,323,467.0,167.1,43.0,93.50000000000003,1,1,1.0
10,324,474.15,264.61,38.75,102.78999999999996,1,1,1.0
10,325,494.63,190.91,42.47000000000003,101.59,1,1,1.0
10,326,513.9,206.96,66.60000000000002,102.53999999999999,1,1,1.0
10,327,697.91,108.7,18.99000000000001,19.069999999999993,1,2,1.0
