1,328,428.99,495.97,16.079999999999984,24.110000000000014,1,2,1.0
1,329,175.01,254.82,40.860000000000014,104.57,1,1,1.0
1,330,379.1,286.07,54.19999999999999,116.63,1,1,1.0
1,331,426.21,449.53,64.91000000000003,149.05000000000007,1,1,1.0
1,332,508.1,437.51,82.5,117.69000000000005,1,1,1.0
1,333,571.65,369.0,50.48000000000002,138.23000000000002,1,1,1.0
1,334,610.4,330.4,57.60000000000002,140.8,1,1,1.0
1,335,507.95,187.51,51.349999999999966,106.88999999999999,1,1,1.0
1,336,513.79,130.29,39.00999999999999,87.11000000000001,1,1,1.0
1,337,561.5,199.85,63.60000000000002,112.85,1,1,1.0
1,338,605.9,159.43,32.60000000000002,97.87,1,1,1.0
2,328,426.18,429.11,15.519999999999982,19.49000000000001,1,2,1.0
2,329,202.0,230.8,50.80000000000001,109.0,1,1,1.0
2,330,382.14,301.51,99.06,93.38999999999999,1,1,1.0
2,331,415.99,395.09,69.0,116.30000000000001,1,1,1.0
2,332,477.3,403.03,69.69999999999999,118.17000000000007,1,1,1.0
2,333,575.9,388.7,79.39999999999998,137.3,1,1,1.0
2,334,625.35,359.54,64.35000000000002,125.25999999999999,1,1,1.0
2,335,439.3,202.2,61.89999999999998,110.19999999999999,1,1,1.0
2,336,536.0,133.11,42.59000000000003,97.48999999999998,1,1,1.0
2,337,562.0,203.37,71.5,110.43,1,1,1.0
2,338,614.35,170.69,33.049999999999955,95.50999999999999,1,1,1.0
3,328,484.7,323.91,16.05000000000001,21.489999999999952,1,2,1.0
3,329,213.4,204.6,58.49999999999997,114.00000000000003,1,1,1.0
3,330,462.4,316.2,55.89999999999998,77.0,1,1,1.0
3,331,458.8,343.49,49.099999999999966,114.31,1,1,1.0
3,332,498.0,350.4,86.20000000000005,115.5,1,1,1.0
3,333,665.1,387.5,71.79999999999995,146.60000000000002,1,1,1.0
3,334,622.8,381.8,71.90000000000009,106.09999999999997,1,1,1.0
3,335,371.2,228.91,85.0,116.78999999999999,1,1,1.0
3,336,556.1,138.3,31.100000000000023,91.6,1,1,1.0
3,337,555.7,223.65,63.0,115.04999999999998,1,1,1.0
3,338,603.5,177.77,33.39999999999998,99.83000000000001,1,1,1.0
4,328,539.9,316.1,15.300000000000068,18.099999999999966,1,2,1.0
4,329,256.4,202.7,43.60000000000002,104.10000000000002,1,1,1.0
4,330,488.8,308.2,72.90000000000003,110.5,1,1,1.0
4,331,505.79,325.5,53.70999999999998,112.5,1,1,1.0
4,332,556.5,299.44,50.60000000000002,128.86,1,1,1.0
4,333,717.8,386.42,97.0,153.68,1,1,1.0
4,334,665.5,369.0,87.79999999999995,125.19999999999999,1,1,1.0
4,335,261.7,246.3,79.90000000000003,123.30000000000001,1,1,1.0
4,336,549.47,143.09,33.92999999999995,98.41,1,1,1.0
4,337,522.07,226.69,56.02999999999997,103.91000000000003,1,1,1.0
4,338,582.3,186.57,43.80000000000007,100.32999999999998,1,1,1.0
5,328,633.8,143.2,16.100000000000023,20.0,1,2,1.0
5,329,288.7,198.15,62.69999999999999,95.15,1,1,1.0
5,330,504.5,275.4,51.0,142.40000000000003,1,1,1.0
5,331,529.9,341.78,81.60000000000002,96.02000000000004,1,1,1.0
5,332,590.33,285.4,51.969999999999914,133.40000000000003,1,1,1.0
5,333,778.68,390.82,69.82000000000005,156.88000000000005,1,1,1.0
5,334,721.9,354.45,53.10000000000002,145.95,1,1,1.0
5,335,200.3,264.4,57.89999999999998,123.0,1,1,1.0
5,336,542.84,147.87,26.659999999999968,100.43,1,1,1.0
5,337,488.9,242.89,77.0,116.61000000000001,1,1,1.0
5,338,568.77,199.68,45.02999999999997,96.51999999999998,1,1,1.0
6,328,695.7,140.6,16.799999999999955,18.0,1,2,1.0
6,329,335.65,201.65,36.75,104.54999999999998,1,1,1.0
6,330,509.88,301.76,47.51999999999998,121.34000000000003,1,1,1.0
6,331,523.0,351.09,53.34000000000003,102.51000000000005,1,1,1.0
6,332,624.6,308.35,47.799999999999955,107.64999999999998,1,1,1.0
6,333,780.43,386.18,68.47000000000003,149.11999999999995,1,1,1.0
6,334,735.35,354.45,53.85000000000002,141.45,1,1,1.0
6,335,161.53,282.19,40.370000000000005,136.01,1,1,1.0
6,336,525.88,165.57,40.82000000000005,93.93,1,1,1.0
6,337,549.58,257.68,65.71999999999991,126.21999999999997,1,1,1.0
6,338,569.89,207.83,46.610000000000014,102.16999999999999,1,1,1.0
7,328,627.1,249.13,13.93999999999994,17.670000000000016,1,2,1.0
7,329,368.01,213.16,42.29000000000002,91.23999999999998,1,1,1.0
7,330,461.0,316.4,67.70000000000005,124.90000000000003,1,1,1.0
7,331,538.4,339.3,67.68000000000006,93.0,1,1,1.0
7,332,654.03,302.44,63.76999999999998,91.95999999999998,1,1,1.0
7,333,751.3,377.4,64.20000000000005,147.5,1,1,1.0
7,334,649.7,388.51,112.19999999999993,112.38999999999999,1,1,1.0
7,335,102.59,295.37,66.10999999999999,136.02999999999997,1,1,1.0
7,336,467.68,181.32,49.81999999999999,97.18,1,1,1.0
7,337,596.91,238.46,45.59000000000003,127.14000000000001,1,1,1.0
7,338,567.96,225.13,41.43999999999994,94.07,1,1,1.0
8,328,634.79,270.8,11.610000000000014,15.399999999999977,1,2,1.0
8,329,381.95,236.79,49.94999999999999,98.01000000000002,1,1,1.0
8,330,425.08,325.79,53.31999999999999,127.50999999999999,1,1,1.0
8,331,564.56,321.45,51.04000000000008,88.11000000000001,1,1,1.0
8,332,733.46,312.15,58.74000000000001,94.85000000000002,1,1,1.0
8,333,733.21,377.87,81.78999999999996,137.13,1,1,1.0
8,334,564.5,400.88,99.10000000000002,119.82000000000005,1,1,1.0
8,335,45.22,325.26,71.28,115.63999999999999,1,1,1.0
8,336,392.14,190.2,73.56,85.0,1,1,1.0
8,337,626.76,241.84,68.44000000000005,130.26000000000002,1,1,1.0
8,338,560.85,234.42,47.94999999999993,96.28,1,1,1.0
9,329,398.09,244.83,61.51000000000005,92.36999999999998,1,1,1.0
9,330,386.4,327.83,81.31,135.47000000000003,1,1,1.0
9,331,633.52,324.51,48.77999999999997,100.49000000000001,1,1,1.0
9,332,790.7,330.13,53.69999999999993,91.57,1,1,1.0
9,333,701.61,369.59,76.59000000000003,126.61000000000001,1,1,1.0
9,334,444.59,408.21,86.11000000000007,117.89000000000004,1,1,1.0
9,335,10.13,332.73,107.37,120.07,1,1,1.0
9,336,346.08,193.85,48.52000000000004,99.04999999999998,1,1,1.0
9,337,684.4,223.29,54.5,132.21,1,1,1.0
9,338,562.2,230.69,48.799999999999955,107.11000000000001,1,1,1.0
10,329,446.09,229.97,64.21000000000004,97.03,1,1,1.0
10,330,454.9,303.4,66.5,127.0,1,1,1.0
10,331,744.93,319.48,61.770000000000095,124.21999999999997,1,1,1.0
10,332,874.66,351.29,60.440000000000055,108.60999999999996,1,1,1.0
10,333,729.65,342.85,78.45000000000005,132.75,1,1,1.0
10,334,375.88,395.94,80.62,138.35999999999996,1,1,1.0
10,335,64.33,319.89,71.77,121.31,1,1,1.0
10,336,366.6,177.75,74.5,107.14999999999998,1,1,1.0
10,337,810.8,206.32,72.30000000000007,113.68,1,1,1.0
10,338,618.73,234.05,61.870000000000005,97.14999999999998,1,1,1.0
11,329,552.61,219.5,72.59000000000003,97.5,1,1,1.0
11,330,583.59,324.51,98.40999999999997,108.88999999999999,1,1,1.0
11,331,917.94,342.09,52.75999999999999,128.21000000000004,1,1,1.0
11,332,1009.25,411.53,91.04999999999995,129.26999999999998,1,1,1.0
11,333,845.08,359.98,63.120000000000005,127.71999999999997,1,1,1.0
11,334,371.7,386.2,127.0,135.50000000000006,1,1,1.0
11,335,189.77,301.15,93.12999999999997,137.35000000000002,1,1,1.0
11,336,498.56,177.75,54.339999999999975,105.75,1,1,1.0
11,337,1010.2,221.68,60.940000000000055,113.71999999999997,1,1,1.0
11,338,752.38,244.48,67.62,106.52000000000001,1,1,1.0
11,339,564.72,385.89,19.860000000000014,21.379999999999995,1,2,1.0
12,329,661.57,236.8,56.629999999999995,97.89999999999998,1,1,1.0
12,330,649.79,339.61,104.91000000000008,111.88999999999999,1,1,1.0
12,331,1029.0,374.28,90.40000000000009,139.51999999999998,1,1,1.0
12,332,1066.72,471.1,93.18000000000006,133.69999999999993,1,1,1.0
12,333,904.9,381.57,114.89999999999998,144.93,1,1,1.0
12,334,395.13,398.49,85.97000000000003,132.80999999999995,1,1,1.0
12,335,280.59,306.0,84.41000000000003,131.0,1,1,1.0
12,336,598.4,196.1,72.0,110.9,1,1,1.0
12,337,1213.08,251.4,66.92000000000007,133.29999999999998,1,1,1.0
12,338,844.0,266.58,60.700000000000045,96.32,1,1,1.0
12,339,608.5,402.83,17.720000000000027,18.470000000000027,1,2,1.0
13,329,755.8,275.59,73.80000000000007,91.21000000000004,1,1,1.0
13,330,702.48,344.67,86.91999999999996,125.43,1,1,1.0
13,331,1160.3,425.7,81.20000000000005,136.59999999999997,1,1,1.0
13,332,1076.4,537.03,115.0,139.26999999999998,1,1,1.0
13,333,987.08,413.48,72.32000000000005,150.81999999999994,1,1,1.0
13,334,423.8,406.28,121.09999999999997,134.32000000000005,1,1,1.0
13,335,381.9,304.2,85.70000000000005,131.7,1,1,1.0
13,336,736.4,226.8,47.5,100.5,1,1,1.0
13,338,947.5,304.5,59.10000000000002,107.19999999999999,1,1,1.0
13,339,694.1,353.4,12.199999999999932,13.300000000000011,1,2,1.0
14,329,776.5,307.73,40.700000000000045,110.16999999999996,1,1,1.0
14,330,687.24,333.52,69.75999999999999,129.28000000000003,1,1,1.0
14,331,1210.1,450.9,67.0,149.10000000000002,1,1,1.0
14,332,1066.76,558.33,84.6400000000001,155.76999999999998,1,1,1.0
14,333,982.6,416.54,121.49999999999989,139.25999999999993,1,1,1.0
14,334,445.3,413.49,56.599999999999966,130.21000000000004,1,1,1.0
14,335,478.94,318.88,68.06,123.32,1,1,1.0
14,336,792.87,257.7,62.73000000000002,101.10000000000002,1,1,1.0
14,338,959.2,326.9,92.20000000000005,109.90000000000003,1,1,1.0
14,339,661.6,381.3,16.699999999999932,15.099999999999966,1,2,1.0
15,329,673.96,325.05,83.53999999999996,109.05000000000001,1,1,1.0
15,330,611.8,322.07,47.0,110.03000000000003,1,1,1.0
15,331,1133.4,441.91,109.89999999999986,143.38999999999993,1,1,1.0
15,332,957.43,554.61,105.57000000000005,154.99,1,1,1.0
15,333,926.77,402.19,51.83000000000004,144.41000000000003,1,1,1.0
15,334,362.9,414.84,78.09000000000003,137.95999999999998,1,1,1.0
15,335,504.5,286.63,78.84000000000003,142.87,1,1,1.0
15,336,739.05,271.01,53.35000000000002,120.69,1,1,1.0
15,338,890.27,325.26,44.02999999999997,115.74000000000001,1,1,1.0
15,339,606.59,341.05,18.309999999999945,18.75,1,2,1.0
16,329,520.3,355.01,82.90000000000009,116.99000000000001,1,1,1.0
16,330,567.01,285.27,36.59000000000003,90.43,1,1,1.0
16,331,1058.51,423.48,56.99000000000001,136.81999999999994,1,1,1.0
16,332,884.01,540.63,89.78999999999996,144.66999999999996,1,1,1.0
16,333,816.09,382.27,79.11000000000001,139.73000000000002,1,1,1.0
16,334,288.6,408.51,66.87,150.69000000000005,1,1,1.0
16,335,529.62,251.7,48.58000000000004,132.60000000000002,1,1,1.0
16,336,651.4,278.63,51.89999999999998,111.76999999999998,1,1,1.0
16,338,761.9,322.1,52.30000000000007,99.0,1,1,1.0
17,329,372.2,374.46,83.34000000000003,119.84000000000003,1,1,1.0
17,330,524.6,244.36,47.89999999999998,142.44,1,1,1.0
17,331,942.6,392.6,69.60000000000002,147.60000000000002,1,1,1.0
17,332,834.84,509.24,45.25999999999999,157.05999999999995,1,1,1.0
17,333,710.92,370.38,72.68000000000006,137.72000000000003,1,1,1.0
17,334,265.2,406.72,75.54000000000002,144.57999999999993,1,1,1.0
17,335,495.0,222.8,43.700000000000045,143.59999999999997,1,1,1.0
17,336,573.9,283.75,57.10000000000002,125.44999999999999,1,1,1.0
17,338,619.9,315.21,68.30000000000007,110.19,1,1,1.0
17,340,532.12,174.79,16.299999999999955,19.430000000000007,1,2,1.0
18,329,317.5,373.14,48.170000000000016,136.16000000000003,1,1,1.0
18,330,510.6,247.1,44.5,102.6,1,1,1.0
18,331,839.6,354.78,69.91999999999996,129.12,1,1,1.0
18,332,782.69,491.7,59.00999999999999,112.92000000000002,1,1,1.0
18,333,617.8,337.37,65.73000000000002,143.23000000000002,1,1,1.0
18,334,287.3,388.97,71.12,144.02999999999997,1,1,1.0
18,335,446.3,222.2,46.599999999999966,153.8,1,1,1.0
18,336,502.1,285.4,57.89999999999998,114.70000000000005,1,1,1.0
18,338,502.9,310.2,50.17000000000007,114.19999999999999,1,1,1.0
18,340,468.18,149.99,16.819999999999993,18.409999999999997,1,2,1.0
19,329,300.28,370.79,48.72000000000003,138.70999999999998,1,1,1.0
19,330,502.8,228.75,48.87999999999994,112.35000000000002,1,1,1.0
19,331,774.39,318.4,43.40999999999997,128.70000000000005,1,1,1.0
19,332,749.1,462.97,61.819999999999936,142.23000000000002,1,1,1.0
19,333,563.1,310.66,50.45999999999992,141.23999999999995,1,1,1.0
19,334,305.3,380.58,81.19999999999999,145.92000000000002,1,1,1.0
19,335,423.3,215.5,38.099999999999966,155.60000000000002,1,1,1.0
19,336,451.0,274.81,71.10000000000002,115.69,1,1,1.0
19,338,447.7,309.77,51.69999999999999,109.73000000000002,1,1,1.0
19,340,434.0,169.1,15.699999999999989,17.0,1,2,1.0
20,329,299.55,361.3,53.94999999999999,142.3,1,1,1.0
20,330,561.1,224.94,48.5,102.13999999999999,1,1,1.0
20,331,716.3,279.14,44.67000000000007,130.86,1,1,1.0
20,332,772.22,438.5,54.48000000000002,147.66999999999996,1,1,1.0
20,333,525.2,287.23,49.219999999999914,139.76999999999998,1,1,1.0
20,334,355.3,376.19,84.19999999999999,156.70999999999998,1,1,1.0
20,335,422.81,218.9,30.79000000000002,156.99999999999997,1,1,1.0
20,336,428.7,252.2,80.30000000000001,146.90000000000003,1,1,1.0
20,338,450.7,305.2,48.69999999999999,119.19999999999999,1,1,1.0
20,340,442.87,174.31,16.30000000000001,19.430000000000007,1,2,1.0
