1,25,962.42,500.25,26.00999999999999,28.75,1,2,1.0
1,26,146.5,314.7,64.5,178.60000000000002,1,1,1.0
1,27,149.3,348.3,113.5,187.40000000000003,1,1,1.0
1,28,206.4,400.4,82.29999999999998,175.70000000000005,1,1,1.0
1,29,480.54,197.7,57.48999999999995,131.43,1,1,1.0
1,30,514.9,341.45,77.88999999999999,162.05,1,1,1.0
1,31,508.2,412.63,82.59999999999997,176.97000000000003,1,1,1.0
1,32,666.72,162.11,54.75999999999999,128.69,1,1,1.0
1,33,720.3,248.36,53.200000000000045,151.74,1,1,1.0
1,34,1009.74,372.12,87.75999999999999,184.88,1,1,1.0
1,35,1061.4,216.89,112.19999999999982,159.61,1,1,1.0
2,25,979.6,413.6,22.519999999999982,23.67999999999995,1,2,1.0
2,26,221.7,314.07,69.92000000000002,170.53000000000003,1,1,1.0
2,27,259.4,348.29,78.10000000000002,176.00999999999993,1,1,1.0
2,28,328.5,385.93,74.69,175.86999999999995,1,1,1.0
2,29,535.99,198.4,60.90999999999997,131.42,1,1,1.0
2,30,623.6,358.58,83.50999999999999,157.52000000000004,1,1,1.0
2,31,541.4,393.47,97.93000000000006,173.23000000000002,1,1,1.0
2,32,706.42,166.9,72.58000000000004,122.53,1,1,1.0
2,33,761.8,244.24,74.0,158.86,1,1,1.0
2,34,992.5,383.22,87.65000000000009,176.57999999999993,1,1,1.0
2,35,1076.04,230.6,69.36000000000013,150.79999999999998,1,1,1.0
3,25,1000.1,451.34,24.280000000000086,31.560000000000002,1,2,1.0
3,26,351.4,318.17,62.10000000000002,161.93,1,1,1.0
3,27,336.9,355.14,94.0,160.65999999999997,1,1,1.0
3,28,484.6,377.25,85.57999999999993,146.85000000000002,1,1,1.0
3,29,580.2,208.41,55.14999999999998,128.19000000000003,1,1,1.0
3,30,738.3,376.2,86.30000000000007,136.09999999999997,1,1,1.0
3,31,679.0,370.93,58.89999999999998,169.70999999999998,1,1,1.0
3,32,743.38,171.7,64.12,123.19999999999999,1,1,1.0
3,33,811.7,248.36,49.40999999999997,157.03999999999996,1,1,1.0
3,34,992.3,393.08,97.0,170.71999999999997,1,1,1.0
3,35,1065.04,222.9,66.96000000000004,157.20000000000002,1,1,1.0
4,25,914.49,473.08,24.279999999999973,31.560000000000002,1,2,1.0
4,26,399.0,335.16,60.5,156.64,1,1,1.0
4,27,347.3,375.52,99.5,166.08000000000004,1,1,1.0
4,28,583.89,360.65,61.629999999999995,149.21000000000004,1,1,1.0
4,29,564.0,204.52,56.299999999999955,134.58,1,1,1.0
4,30,807.29,383.76,88.71000000000004,140.44000000000005,1,1,1.0
4,31,729.9,385.04,95.15999999999997,142.75999999999993,1,1,1.0
4,32,737.95,174.9,40.049999999999955,119.99999999999997,1,1,1.0
4,33,769.9,257.26,72.19000000000005,141.44,1,1,1.0
4,34,915.7,412.32,109.5,160.28000000000003,1,1,1.0
4,35,984.7,230.1,87.79999999999995,143.00000000000003,1,1,1.0
5,25,849.26,485.31,24.279999999999973,31.560000000000002,1,2,1.0
5,26,465.03,352.8,64.57000000000005,156.3,1,1,1.0
5,27,411.52,377.0,62.879999999999995,177.79999999999995,1,1,1.0
5,28,679.79,354.47,58.110000000000014,143.63,1,1,1.0
5,29,566.1,217.26,57.370000000000005,127.84000000000003,1,1,1.0
5,30,846.13,396.95,107.76999999999998,145.15000000000003,1,1,1.0
5,31,803.9,378.62,104.20000000000005,142.88,1,1,1.0
5,32,722.2,181.4,65.0,118.9,1,1,1.0
5,33,758.3,259.6,84.40000000000009,143.39999999999998,1,1,1.0
5,34,842.05,429.99,90.85000000000002,155.40999999999997,1,1,1.0
5,35,965.55,232.78,56.15000000000009,144.61999999999998,1,1,1.0
6,25,720.4,493.76,24.279999999999973,31.56000000000006,1,2,1.0
6,26,487.2,378.14,75.50000000000006,138.65999999999997,1,1,1.0
6,27,409.17,383.86,79.22999999999996,170.74,1,1,1.0
6,28,755.4,342.68,54.60000000000002,128.42000000000002,1,1,1.0
6,29,564.0,218.25,62.639999999999986,131.35000000000002,1,1,1.0
6,30,771.8,402.7,71.90000000000009,146.90000000000003,1,1,1.0
6,31,898.52,360.66,72.98000000000002,145.14,1,1,1.0
6,32,732.5,187.45,61.799999999999955,116.90000000000003,1,1,1.0
6,33,777.5,255.66,58.0,141.04,1,1,1.0
6,34,731.6,415.46,71.27999999999997,154.94,1,1,1.0
6,35,943.37,226.1,52.73000000000002,147.72,1,1,1.0
7,25,671.2,480.01,24.279999999999973,31.560000000000002,1,2,1.0
7,26,529.2,373.4,95.29999999999995,141.20000000000005,1,1,1.0
7,27,340.3,393.87,96.5,183.42999999999995,1,1,1.0
7,28,838.2,346.3,49.93999999999994,138.39999999999998,1,1,1.0
7,29,591.0,239.65,55.700000000000045,124.54999999999998,1,1,1.0
7,30,697.03,375.88,74.26999999999998,112.32,1,1,1.0
7,31,941.21,333.89,55.389999999999986,143.01,1,1,1.0
7,32,742.8,193.5,58.60000000000002,114.89999999999998,1,1,1.0
7,33,758.0,263.86,83.89999999999998,137.94,1,1,1.0
7,34,678.8,414.02,67.0,115.18000000000006,1,1,1.0
7,35,949.37,233.52,53.83000000000004,146.58,1,1,1.0
8,25,747.04,518.95,24.269999999999982,31.569999999999936,1,2,1.0
8,26,488.3,363.2,79.40000000000003,158.40000000000003,1,1,1.0
8,27,269.7,409.83,80.40000000000003,170.67000000000002,1,1,1.0
8,28,867.94,323.75,51.059999999999945,145.55,1,1,1.0
8,29,608.0,246.74,53.289999999999964,116.86000000000001,1,1,1.0
8,30,618.5,369.43,58.940000000000055,114.96999999999997,1,1,1.0
8,31,978.1,317.6,60.999999999999886,146.39999999999998,1,1,1.0
8,32,732.03,197.7,59.57000000000005,117.47000000000003,1,1,1.0
8,33,754.7,267.89,66.33999999999992,137.11,1,1,1.0
8,34,740.62,404.26,68.88,124.24000000000001,1,1,1.0
8,35,927.15,231.61,48.25,145.34999999999997,1,1,1.0
9,25,775.86,462.67,24.279999999999973,31.560000000000002,1,2,1.0
9,26,403.0,354.4,88.0,168.39999999999998,1,1,1.0
9,27,211.7,419.49,92.13999999999999,177.61,1,1,1.0
9,28,842.94,311.4,58.11999999999989,136.90000000000003,1,1,1.0
9,29,600.55,250.33,51.32000000000005,119.97,1,1,1.0
9,30,604.1,369.13,92.29999999999995,125.26999999999998,1,1,1.0
9,31,990.04,307.39,54.059999999999945,136.71000000000004,1,1,1.0
9,32,721.26,198.73,46.51999999999998,123.21000000000001,1,1,1.0
9,33,747.7,269.27,48.02999999999997,142.43,1,1,1.0
9,34,776.19,410.46,68.80999999999995,149.54000000000002,1,1,1.0
9,35,904.93,229.7,42.67000000000007,144.12,1,1,1.0
10,25,824.62,421.2,28.42999999999995,31.560000000000002,1,2,1.0
10,26,369.0,358.5,82.5,166.60000000000002,1,1,1.0
10,27,226.7,426.94,94.56,178.06,1,1,1.0
10,28,807.6,308.4,56.289999999999964,131.40000000000003,1,1,1.0
10,29,593.1,253.93,49.35000000000002,123.07,1,1,1.0
10,30,700.27,396.47,51.23000000000002,136.32999999999993,1,1,1.0
10,31,1022.8,303.92,64.5,130.57999999999998,1,1,1.0
10,32,707.04,203.78,46.51999999999998,123.20000000000002,1,1,1.0
10,33,717.7,268.43,57.42999999999995,133.17000000000002,1,1,1.0
10,34,774.07,407.47,76.92999999999995,135.92999999999995,1,1,1.0
10,35,859.9,229.47,70.80000000000007,140.42999999999998,1,1,1.0
11,25,811.77,416.2,28.430000000000064,30.100000000000023,1,2,1.0
11,26,385.6,358.4,80.09999999999997,171.60000000000002,1,1,1.0
11,27,249.8,434.39,102.11000000000001,175.11,1,1,1.0
11,28,786.1,317.46,58.89999999999998,125.74000000000001,1,1,1.0
11,29,574.6,265.86,60.24000000000001,124.33999999999997,1,1,1.0
11,30,682.4,367.2,76.20000000000005,132.2,1,1,1.0
11,31,1032.08,302.34,61.62000000000012,132.26000000000005,1,1,1.0
11,32,725.4,207.32,41.89999999999998,119.28000000000003,1,1,1.0
11,33,695.2,272.58,57.639999999999986,126.12,1,1,1.0
11,34,741.34,380.92,84.05999999999995,121.88,1,1,1.0
11,35,886.03,230.69,42.26999999999998,136.01,1,1,1.0
12,25,632.32,414.19,28.43999999999994,30.100000000000023,1,2,1.0
12,26,424.1,356.53,52.92999999999995,164.87,1,1,1.0
12,27,374.73,437.07,63.76999999999998,167.22999999999996,1,1,1.0
12,28,786.0,320.47,55.77999999999997,124.02999999999997,1,1,1.0
12,29,584.5,271.76,53.460000000000036,122.24000000000001,1,1,1.0
12,30,661.8,365.86,100.10000000000002,113.63999999999999,1,1,1.0
12,31,1009.98,293.64,63.22000000000003,129.76,1,1,1.0
12,32,740.13,211.11,34.47000000000003,117.99000000000001,1,1,1.0
12,33,709.2,275.34,49.3599999999999,123.06,1,1,1.0
12,34,659.79,382.8,57.01999999999998,119.21999999999997,1,1,1.0
12,35,871.5,226.15,60.059999999999945,137.95000000000002,1,1,1.0
13,25,611.57,418.21,28.42999999999995,30.100000000000023,1,2,1.0
13,26,460.4,381.5,79.30000000000007,144.89999999999998,1,1,1.0
13,27,461.89,435.73,58.90999999999997,171.26999999999998,1,1,1.0
13,28,800.7,320.18,58.99000000000001,127.42000000000002,1,1,1.0
13,29,598.66,264.95,50.84000000000003,120.94999999999999,1,1,1.0
13,30,567.0,345.41,81.10000000000002,126.08999999999997,1,1,1.0
13,31,995.02,292.29,47.57999999999993,122.60999999999996,1,1,1.0
13,32,750.85,215.47,36.47000000000003,116.35,1,1,1.0
13,33,718.4,283.34,60.89999999999998,126.26000000000005,1,1,1.0
13,34,626.96,390.21,52.83999999999992,134.39000000000004,1,1,1.0
13,35,884.75,224.71,58.110000000000014,139.39000000000001,1,1,1.0
14,25,642.3,273.9,22.600000000000023,24.200000000000045,1,2,1.0
14,26,473.1,370.47,66.26999999999998,165.32999999999993,1,1,1.0
14,27,509.01,446.37,54.789999999999964,161.92999999999995,1,1,1.0
14,28,790.3,331.85,79.10000000000002,123.64999999999998,1,1,1.0
14,29,607.9,271.1,48.870000000000005,120.59999999999997,1,1,1.0
14,30,538.09,311.4,47.129999999999995,147.70000000000005,1,1,1.0
14,31,994.5,291.95,45.5,130.55,1,1,1.0
14,32,767.1,219.67,43.5,120.22999999999999,1,1,1.0
14,33,731.6,287.88,55.39999999999998,128.42000000000002,1,1,1.0
14,34,644.4,313.3,51.39999999999998,196.09999999999997,1,1,1.0
14,35,900.08,229.5,53.51999999999998,140.2,1,1,1.0
