1,202,286.98,293.72,45.81999999999999,118.59999999999997,1,1,1.0
1,203,465.1,305.66,61.19999999999993,154.44,1,1,1.0
1,204,496.7,283.95,51.80000000000001,131.15000000000003,1,1,1.0
1,205,556.07,279.8,91.2299999999999,149.8,1,1,1.0
1,206,786.92,133.13,29.700000000000045,105.11000000000001,1,1,1.0
1,207,807.48,162.83,34.27999999999997,108.54999999999998,1,1,1.0
1,208,935.45,381.07,52.559999999999945,135.96999999999997,1,1,1.0
1,209,963.05,356.4,55.25,150.8,1,1,1.0
1,210,971.76,296.85,78.83999999999992,149.95,1,1,1.0
1,211,1232.53,361.64,45.700000000000045,159.97000000000003,1,1,1.0
2,202,200.4,276.16,55.150000000000006,118.63999999999999,1,1,1.0
2,203,399.98,289.13,60.71999999999997,133.37,1,1,1.0
2,204,380.8,271.1,57.39999999999998,132.29999999999995,1,1,1.0
2,205,446.5,292.31,81.79999999999995,147.79000000000002,1,1,1.0
2,206,648.39,147.78,34.110000000000014,105.12,1,1,1.0
2,207,682.87,166.56,34.23000000000002,116.83999999999997,1,1,1.0
2,208,779.5,391.6,66.88999999999999,139.29999999999995,1,1,1.0
2,209,803.0,359.5,68.20000000000005,139.39999999999998,1,1,1.0
2,210,859.46,302.51,65.13999999999999,149.89,1,1,1.0
2,211,1096.1,359.3,54.55000000000018,159.96999999999997,1,1,1.0
2,212,246.7,346.78,19.439999999999998,21.220000000000027,1,2,1.0
3,202,235.89,279.07,52.410000000000025,109.53000000000003,1,1,1.0
3,203,350.8,280.3,72.19999999999999,142.0,1,1,1.0
3,204,305.5,271.93,54.81999999999999,115.17000000000002,1,1,1.0
3,205,395.3,280.73,76.80000000000001,147.26999999999998,1,1,1.0
3,206,577.71,165.94,44.289999999999964,94.66000000000003,1,1,1.0
3,207,628.76,180.28,34.74000000000001,109.02000000000001,1,1,1.0
3,208,707.99,398.54,62.00999999999999,139.95999999999998,1,1,1.0
3,209,726.62,363.03,43.41999999999996,141.8,1,1,1.0
3,210,808.11,312.56,63.43999999999994,144.10000000000002,1,1,1.0
3,211,1031.43,366.39,49.659999999999854,150.37,1,1,1.0
3,212,219.7,311.23,17.5,17.870000000000005,1,2,1.0
4,202,247.4,286.8,47.099999999999994,111.82999999999998,1,1,1.0
4,203,344.77,272.03,67.23000000000002,134.57000000000005,1,1,1.0
4,204,306.4,271.93,92.30000000000001,108.26999999999998,1,1,1.0
4,205,383.93,278.14,80.07,146.06,1,1,1.0
4,206,540.23,175.24,43.870000000000005,94.56,1,1,1.0
4,207,604.1,194.16,38.60000000000002,114.73999999999998,1,1,1.0
4,208,681.8,405.69,58.5,136.01000000000005,1,1,1.0
4,209,672.97,364.85,47.02999999999997,134.54999999999995,1,1,1.0
4,210,792.08,316.6,63.42999999999995,144.09999999999997,1,1,1.0
4,211,994.0,379.2,54.09999999999991,148.2,1,1,1.0
4,212,240.0,339.99,19.25,19.110000000000014,1,2,1.0
5,202,267.08,306.5,45.22000000000003,111.82,1,1,1.0
5,203,319.3,276.41,65.39999999999998,128.78999999999996,1,1,1.0
5,204,303.3,276.86,67.22999999999996,113.03999999999996,1,1,1.0
5,205,360.95,299.08,54.75,133.02000000000004,1,1,1.0
5,206,498.51,179.67,29.690000000000055,97.66999999999999,1,1,1.0
5,207,580.76,200.93,39.24000000000001,112.87,1,1,1.0
5,208,668.41,407.2,56.09000000000003,136.00000000000006,1,1,1.0
5,209,624.53,358.62,48.26999999999998,140.77999999999997,1,1,1.0
5,210,791.22,324.66,63.48000000000002,141.64,1,1,1.0
5,211,978.08,380.4,52.219999999999914,140.80000000000007,1,1,1.0
5,212,262.6,341.15,19.810000000000002,21.55000000000001,1,2,1.0
6,202,234.8,308.1,69.0,122.69999999999999,1,1,1.0
6,203,396.6,276.35,47.099999999999966,129.64999999999998,1,1,1.0
6,204,401.56,271.89,61.44,112.11000000000001,1,1,1.0
6,205,336.74,304.02,76.75999999999999,131.68,1,1,1.0
6,206,438.93,187.61,44.06999999999999,96.99000000000001,1,1,1.0
6,207,559.47,210.92,41.82999999999993,112.68000000000004,1,1,1.0
6,208,656.3,383.64,62.10000000000002,141.46000000000004,1,1,1.0
6,209,599.0,356.06,46.89999999999998,141.44,1,1,1.0
6,210,783.6,319.93,67.5,145.46999999999997,1,1,1.0
6,211,956.5,383.0,53.60000000000002,140.10000000000002,1,1,1.0
6,212,263.3,360.29,20.379999999999995,22.00999999999999,1,2,1.0
7,202,245.5,288.04,54.329999999999984,133.15999999999997,1,1,1.0
7,203,465.06,280.55,61.14000000000004,124.44999999999999,1,1,1.0
7,204,487.36,268.38,57.93999999999994,117.51999999999998,1,1,1.0
7,205,362.8,288.44,58.30000000000001,132.16000000000003,1,1,1.0
7,206,374.4,199.76,57.30000000000001,89.94,1,1,1.0
7,207,521.59,210.03,68.80999999999995,109.27000000000001,1,1,1.0
7,208,665.3,323.6,61.200000000000045,139.79999999999995,1,1,1.0
7,209,602.52,353.43,70.68000000000006,140.76999999999998,1,1,1.0
7,210,744.92,330.62,86.98000000000002,140.98000000000002,1,1,1.0
7,211,892.05,389.03,59.35000000000002,138.47000000000003,1,1,1.0
7,212,250.9,317.23,18.72,21.069999999999993,1,2,1.0
8,202,281.3,293.91,45.829999999999984,121.58999999999997,1,1,1.0
8,203,531.9,262.52,44.80000000000007,133.58000000000004,1,1,1.0
8,204,543.5,265.12,87.0,110.18,1,1,1.0
8,205,388.26,279.06,60.94,133.83999999999997,1,1,1.0
8,206,376.5,196.8,43.10000000000002,96.0,1,1,1.0
8,207,457.33,215.2,68.57,103.19999999999999,1,1,1.0
8,208,705.4,275.07,52.80000000000007,117.63,1,1,1.0
8,209,629.93,316.1,54.07000000000005,132.39999999999998,1,1,1.0
8,210,708.25,326.3,68.04999999999995,132.39999999999998,1,1,1.0
8,211,817.01,388.95,65.69000000000005,148.34999999999997,1,1,1.0
9,202,297.8,313.37,98.46999999999997,103.52999999999997,1,1,1.0
9,203,571.91,263.28,51.09000000000003,128.82000000000005,1,1,1.0
9,204,593.8,257.2,76.20000000000005,116.10000000000002,1,1,1.0
9,205,430.4,277.7,60.10000000000002,132.10000000000002,1,1,1.0
9,206,371.1,199.95,47.31,96.85000000000002,1,1,1.0
9,207,442.42,209.95,42.579999999999984,100.63999999999999,1,1,1.0
9,208,709.08,238.54,44.319999999999936,122.76000000000002,1,1,1.0
9,209,669.91,279.12,49.79000000000008,117.68,1,1,1.0
9,210,639.12,334.81,63.08000000000004,148.29000000000002,1,1,1.0
9,211,758.12,387.2,69.88,145.00000000000006,1,1,1.0
9,213,347.08,351.02,20.390000000000043,23.110000000000014,1,2,1.0
10,202,421.34,317.58,53.960000000000036,117.12,1,1,1.0
10,203,576.26,252.66,58.139999999999986,128.04,1,1,1.0
10,204,620.16,261.1,75.44000000000005,116.79999999999995,1,1,1.0
10,205,462.42,291.47,98.28000000000003,115.63,1,1,1.0
10,206,351.98,202.1,40.620000000000005,96.9,1,1,1.0
10,207,432.7,211.3,49.900000000000034,107.69999999999999,1,1,1.0
10,208,658.44,212.66,39.40999999999997,68.20000000000002,1,1,1.0
10,209,675.78,258.05,58.620000000000005,114.75,1,1,1.0
10,210,632.23,349.86,60.16999999999996,140.94,1,1,1.0
10,211,732.61,408.5,74.28999999999996,124.13,1,1,1.0
10,213,458.7,354.91,16.44999999999999,18.689999999999998,1,2,1.0
11,202,429.34,241.48,45.660000000000025,164.02,1,1,1.0
11,203,571.03,235.59,75.87,108.10999999999999,1,1,1.0
11,204,613.7,249.67,63.5,125.43000000000004,1,1,1.0
11,205,459.52,256.0,47.78000000000003,151.39999999999998,1,1,1.0
11,206,306.95,207.39,31.650000000000034,102.50999999999999,1,1,1.0
11,207,412.92,220.5,41.68000000000001,94.92000000000002,1,1,1.0
11,208,614.64,201.71,39.39999999999998,68.20000000000002,1,1,1.0
11,209,633.26,239.4,25.440000000000055,103.20000000000002,1,1,1.0
11,210,641.95,338.6,62.14999999999998,137.79999999999995,1,1,1.0
11,211,760.8,398.32,66.30000000000007,144.88000000000005,1,1,1.0
11,213,465.09,204.57,17.510000000000048,21.430000000000007,1,2,1.0
12,202,428.08,328.78,59.31999999999999,127.62,1,1,1.0
12,203,594.2,232.71,36.549999999999955,128.79,1,1,1.0
12,204,602.1,254.26,58.299999999999955,124.54000000000002,1,1,1.0
12,205,448.8,302.63,40.099999999999966,138.37,1,1,1.0
12,206,271.6,216.9,40.19999999999999,112.9,1,1,1.0
12,207,422.6,240.9,60.89999999999998,80.49999999999997,1,1,1.0
12,208,638.8,216.0,38.40000000000009,73.0,1,1,1.0
12,209,632.7,234.24,41.799999999999955,112.95999999999998,1,1,1.0
12,210,668.05,320.34,54.690000000000055,144.10000000000002,1,1,1.0
12,211,714.86,409.59,105.63999999999999,146.31,1,1,1.0
12,213,599.6,97.78,20.370000000000005,18.92,1,2,1.0
13,202,354.69,354.4,68.00999999999999,142.40000000000003,1,1,1.0
13,203,596.8,251.79,42.41000000000008,121.01000000000002,1,1,1.0
13,204,578.4,264.73,79.0,121.66999999999996,1,1,1.0
13,205,423.6,318.64,63.01999999999998,155.76,1,1,1.0
13,206,235.54,224.98,29.659999999999997,121.12000000000003,1,1,1.0
13,207,477.8,259.7,56.599999999999966,123.10000000000002,1,1,1.0
13,208,666.29,218.88,41.31000000000006,90.12,1,1,1.0
13,209,611.36,232.45,54.039999999999964,119.85000000000002,1,1,1.0
13,210,678.67,306.22,54.690000000000055,144.08999999999997,1,1,1.0
13,211,629.2,397.39,94.69999999999993,151.71000000000004,1,1,1.0
13,213,729.22,157.61,20.389999999999986,23.109999999999985,1,2,1.0
14,202,219.41,372.67,90.69000000000003,139.93,1,1,1.0
14,203,593.2,249.29,88.39999999999998,132.91,1,1,1.0
14,204,615.84,280.16,59.73000000000002,121.65999999999997,1,1,1.0
14,205,378.78,325.98,80.82000000000005,169.62,1,1,1.0
14,206,182.4,233.56,59.19999999999999,129.14,1,1,1.0
14,207,552.77,278.05,45.25999999999999,130.28999999999996,1,1,1.0
14,208,682.83,234.16,54.870000000000005,117.14000000000001,1,1,1.0
14,209,578.32,227.98,56.57999999999993,127.12000000000003,1,1,1.0
14,210,664.13,289.24,90.97000000000003,156.06,1,1,1.0
14,211,513.63,390.86,87.87,154.14,1,1,1.0
14,213,692.8,192.32,19.15000000000009,19.980000000000018,1,2,1.0
