1,427,201.7,473.7,126.60000000000002,174.8,1,1,1.0
1,428,385.48,358.08,59.389999999999986,136.48000000000002,1,1,1.0
1,429,409.04,537.73,119.06,168.37,1,1,1.0
1,430,460.0,161.56,73.92999999999995,123.20999999999998,1,1,1.0
1,431,830.7,172.84,70.51999999999998,134.08,1,1,1.0
1,432,974.9,414.4,101.19999999999993,168.5,1,1,1.0
1,433,967.2,442.1,20.029999999999973,25.599999999999966,1,2,1.0
2,434,942.37,413.12,20.110000000000014,23.96999999999997,1,2,1.0
2,435,516.4,450.93,70.38999999999999,158.27000000000004,1,1,1.0
2,436,508.5,453.84,108.32000000000005,135.76000000000005,1,1,1.0
2,437,483.2,306.17,93.69999999999999,131.43,1,1,1.0
2,438,513.7,334.2,100.95999999999992,125.90000000000003,1,1,1.0
2,439,614.67,194.6,75.33000000000004,105.64000000000001,1,1,1.0
2,440,696.0,174.13,54.48000000000002,109.97000000000003,1,1,1.0
2,441,769.88,206.47,55.01999999999998,113.92999999999998,1,1,1.0
2,442,797.19,149.71,39.89999999999998,92.85,1,1,1.0
2,443,763.43,334.6,133.7700000000001,137.39,1,1,1.0
2,444,951.4,368.4,79.06000000000006,170.10000000000002,1,1,1.0
3,435,513.1,451.91,73.56999999999994,152.98999999999995,1,1,1.0
3,436,517.12,450.04,92.48000000000002,137.56,1,1,1.0
3,437,503.4,306.17,77.67000000000007,136.13,1,1,1.0
3,438,573.73,324.59,72.25,115.22000000000003,1,1,1.0
3,439,566.6,204.84,67.05999999999995,107.96000000000001,1,1,1.0
3,440,643.1,159.13,36.5,109.97000000000003,1,1,1.0
3,441,713.7,206.47,60.0,112.63000000000002,1,1,1.0
3,442,881.05,163.35,39.91000000000008,100.35,1,1,1.0
3,443,766.2,326.31,103.59999999999991,151.19,1,1,1.0
3,444,935.56,366.5,78.94000000000005,173.79999999999995,1,1,1.0
4,435,527.95,468.1,69.04999999999995,141.04999999999995,1,1,1.0
4,436,489.0,432.33,49.799999999999955,167.17000000000002,1,1,1.0
4,437,481.18,247.18,57.46999999999997,181.92000000000002,1,1,1.0
4,438,535.57,296.64,72.2399999999999,115.23000000000002,1,1,1.0
4,439,526.6,239.2,55.69999999999993,85.19999999999999,1,1,1.0
4,440,635.57,153.75,36.5,109.97000000000003,1,1,1.0
4,441,735.49,226.91,49.50999999999999,109.33000000000001,1,1,1.0
4,442,953.13,199.92,42.76999999999998,119.68000000000004,1,1,1.0
4,443,708.11,331.69,103.60000000000002,151.19,1,1,1.0
4,444,959.96,375.91,95.53999999999996,169.48999999999995,1,1,1.0
4,445,500.25,199.94,22.67999999999995,21.330000000000013,1,2,1.0
5,435,558.1,472.4,61.0,136.75,1,1,1.0
5,436,487.1,409.5,60.299999999999955,175.70000000000005,1,1,1.0
5,437,456.7,280.28,43.30000000000001,133.72000000000003,1,1,1.0
5,438,493.3,286.67,35.400000000000034,142.32999999999998,1,1,1.0
5,439,499.04,252.77,57.259999999999934,93.92999999999998,1,1,1.0
5,440,657.65,148.05,36.5,109.96999999999997,1,1,1.0
5,441,732.63,236.6,76.57000000000005,114.6,1,1,1.0
5,442,1014.39,231.98,39.89999999999998,126.12000000000003,1,1,1.0
5,443,679.4,324.56,75.30000000000007,142.64,1,1,1.0
5,444,969.5,381.6,78.42000000000007,173.79999999999995,1,1,1.0
5,445,457.15,300.21,22.680000000000007,21.319999999999993,1,2,1.0
6,435,591.77,468.3,64.13,139.86999999999995,1,1,1.0
6,436,498.96,398.2,62.04000000000002,165.3,1,1,1.0
6,437,444.03,293.09,33.30000000000001,138.03000000000003,1,1,1.0
6,438,477.88,273.6,54.32000000000005,130.89999999999998,1,1,1.0
6,439,515.9,241.98,79.89999999999998,113.72,1,1,1.0
6,440,696.1,143.12,41.39999999999998,97.68,1,1,1.0
6,441,765.36,239.92,65.93999999999994,116.68000000000004,1,1,1.0
6,442,1049.7,254.16,46.0,134.14000000000001,1,1,1.0
6,443,687.46,322.1,109.33999999999992,138.39999999999998,1,1,1.0
6,444,1006.24,387.52,60.41000000000008,171.88,1,1,1.0
6,445,429.05,346.54,22.689999999999998,21.329999999999984,1,2,1.0
7,435,594.9,470.34,60.60000000000002,134.16000000000003,1,1,1.0
7,436,523.84,372.81,52.860000000000014,168.98999999999995,1,1,1.0
7,437,388.5,284.08,67.42000000000002,137.42000000000002,1,1,1.0
7,438,454.21,273.86,31.120000000000005,138.27999999999997,1,1,1.0
7,439,549.1,232.4,68.88,116.79999999999998,1,1,1.0
7,440,714.13,151.58,38.57000000000005,95.41999999999999,1,1,1.0
7,441,777.99,246.21,83.00999999999999,119.68999999999997,1,1,1.0
7,442,1074.6,263.88,45.3900000000001,131.72000000000003,1,1,1.0
7,443,726.5,323.22,74.60000000000002,142.67999999999995,1,1,1.0
7,444,996.12,393.84,60.379999999999995,184.66000000000003,1,1,1.0
7,445,403.7,293.58,20.19999999999999,20.720000000000027,1,2,1.0
8,435,488.9,491.9,96.60000000000002,115.0,1,1,1.0
8,436,537.94,364.9,45.45999999999992,132.90000000000003,1,1,1.0
8,437,429.3,304.2,44.30000000000001,123.40000000000003,1,1,1.0
8,438,437.1,286.0,47.599999999999966,131.60000000000002,1,1,1.0
8,439,572.8,229.36,61.610000000000014,110.71999999999997,1,1,1.0
8,440,717.41,153.61,38.57000000000005,95.41999999999999,1,1,1.0
8,441,776.79,249.22,84.50999999999999,126.17999999999998,1,1,1.0
8,442,1086.54,270.33,39.90000000000009,133.54000000000002,1,1,1.0
8,443,736.77,329.68,86.73000000000002,145.71999999999997,1,1,1.0
8,444,984.11,392.48,60.40999999999997,171.88,1,1,1.0
8,445,442.7,341.66,19.590000000000032,18.839999999999975,1,2,1.0
9,435,367.21,457.34,67.96000000000004,146.76000000000005,1,1,1.0
9,436,536.48,356.8,49.01999999999998,150.5,1,1,1.0
9,437,468.39,286.98,66.31000000000006,129.12,1,1,1.0
9,438,410.25,302.41,85.55000000000001,126.88999999999999,1,1,1.0
9,439,608.69,216.23,53.70999999999992,110.72,1,1,1.0
9,440,720.69,155.64,38.569999999999936,95.42000000000002,1,1,1.0
9,441,779.2,248.07,84.5,125.93,1,1,1.0
9,442,1085.8,270.33,49.3900000000001,133.57,1,1,1.0
9,443,760.03,333.05,93.47000000000003,149.05,1,1,1.0
9,444,953.26,390.98,70.44000000000005,179.91999999999996,1,1,1.0
9,445,410.61,346.35,20.689999999999998,21.349999999999966,1,2,1.0
10,435,206.9,441.0,89.1,159.70000000000005,1,1,1.0
10,436,502.9,362.2,105.20000000000005,153.3,1,1,1.0
10,437,479.1,283.82,62.0,136.68,1,1,1.0
10,438,416.69,282.6,54.110000000000014,146.64999999999998,1,1,1.0
10,439,635.17,215.4,53.710000000000036,110.72,1,1,1.0
10,440,725.83,154.64,38.569999999999936,95.42000000000002,1,1,1.0
10,441,785.07,249.65,86.02999999999997,124.45000000000002,1,1,1.0
10,442,1101.91,270.33,39.899999999999864,133.54000000000002,1,1,1.0
10,443,745.6,338.0,103.0,144.0,1,1,1.0
10,444,891.31,399.58,95.3900000000001,180.42000000000002,1,1,1.0
10,445,294.75,387.73,22.689999999999998,21.329999999999984,1,2,1.0
11,435,153.9,441.62,72.72,150.17999999999995,1,1,1.0
11,436,456.11,397.05,91.38999999999999,135.55,1,1,1.0
11,437,492.34,286.3,66.06,133.3,1,1,1.0
11,438,395.4,287.57,69.80000000000001,146.65000000000003,1,1,1.0
11,439,651.0,219.54,54.42999999999995,114.76000000000002,1,1,1.0
11,440,742.85,151.14,38.569999999999936,95.42000000000002,1,1,1.0
11,441,812.13,249.5,85.57000000000005,123.66000000000003,1,1,1.0
11,442,1110.3,269.5,48.069999999999936,137.60000000000002,1,1,1.0
11,443,775.2,341.75,91.79999999999995,149.05,1,1,1.0
11,444,864.93,344.29,70.67000000000007,161.01,1,1,1.0
11,445,199.58,444.01,19.919999999999987,21.29000000000002,1,2,1.0
12,435,167.7,341.6,61.900000000000006,217.69999999999993,1,1,1.0
12,436,318.0,403.14,73.19999999999999,148.15999999999997,1,1,1.0
12,437,486.55,286.3,50.400000000000034,138.01999999999998,1,1,1.0
12,438,404.28,297.5,53.420000000000016,155.39999999999998,1,1,1.0
12,439,653.38,223.56,59.120000000000005,111.44,1,1,1.0
12,440,766.85,153.62,38.569999999999936,102.77999999999997,1,1,1.0
12,441,837.6,257.68,60.26999999999998,125.62,1,1,1.0
12,442,1115.02,281.61,49.77999999999997,132.01,1,1,1.0
12,443,747.7,307.38,65.5,139.01999999999998,1,1,1.0
12,444,811.97,308.7,79.52999999999997,143.7,1,1,1.0
12,445,261.65,205.66,22.680000000000007,21.330000000000013,1,2,1.0
