1,236,1.94,348.88,78.42,178.84000000000003,1,1,1.0
1,237,55.59,161.79,75.66,115.56000000000003,1,1,1.0
1,238,250.94,215.44,60.51999999999998,129.31,1,1,1.0
1,239,515.06,171.42,61.90000000000009,111.43000000000004,1,1,1.0
1,240,747.54,271.85,71.54000000000008,133.42999999999995,1,1,1.0
1,241,910.64,259.87,74.46000000000004,127.93,1,1,1.0
1,242,504.05,200.31,16.509999999999934,23.389999999999986,1,2,1.0
1,243,1189.9,434.1,90.09999999999991,173.10000000000002,1,1,1.0
2,236,207.11,324.31,98.99000000000001,169.08999999999997,1,1,1.0
2,237,204.16,148.0,60.53999999999999,99.08000000000001,1,1,1.0
2,238,406.38,215.44,72.42000000000002,130.36,1,1,1.0
2,239,604.86,185.77,85.74000000000001,115.72999999999999,1,1,1.0
2,240,806.44,300.79,108.3599999999999,141.01,1,1,1.0
2,241,1044.64,317.68,55.01999999999998,145.21999999999997,1,1,1.0
2,242,588.37,248.26,16.50999999999999,23.379999999999995,1,2,1.0
2,244,132.11,180.66,93.98999999999998,129.73999999999998,1,1,1.0
3,245,319.5,411.77,58.23000000000002,145.13,1,1,1.0
3,246,382.24,380.03,57.48000000000002,127.35000000000002,1,1,1.0
3,247,687.75,363.17,66.04999999999995,131.93,1,1,1.0
3,248,794.73,445.58,46.210000000000036,147.64000000000004,1,1,1.0
3,249,621.17,178.47,54.10000000000002,102.55999999999997,1,1,1.0
3,250,760.9,226.93,49.610000000000014,110.46999999999997,1,1,1.0
3,251,897.8,242.71,73.88,106.98999999999998,1,1,1.0
3,252,878.1,187.49,30.459999999999923,98.00999999999999,1,1,1.0
3,253,757.54,115.36,33.81000000000006,107.05999999999999,1,1,1.0
3,254,1253.5,165.17,26.5,115.13000000000002,1,1,1.0
4,245,321.95,405.58,56.55000000000001,148.32,1,1,1.0
4,246,390.9,377.45,55.0,130.15000000000003,1,1,1.0
4,247,632.07,388.9,97.52999999999997,103.24000000000001,1,1,1.0
4,248,752.0,439.39,59.24000000000001,149.40999999999997,1,1,1.0
4,249,634.8,178.47,40.47000000000003,98.03,1,1,1.0
4,250,764.6,244.46,60.40999999999997,110.43999999999997,1,1,1.0
4,251,849.78,261.11,60.860000000000014,104.81,1,1,1.0
4,252,885.67,192.03,30.470000000000027,98.01000000000002,1,1,1.0
4,253,748.45,119.9,33.809999999999945,107.07,1,1,1.0
4,254,1208.9,165.17,34.74000000000001,115.15,1,1,1.0
4,255,810.6,475.7,19.199999999999932,21.0,1,2,1.0
5,245,321.7,408.26,59.60000000000002,148.94000000000005,1,1,1.0
5,246,384.62,382.86,56.73000000000002,130.99,1,1,1.0
5,247,631.77,384.88,85.86000000000001,114.35000000000002,1,1,1.0
5,248,744.9,431.97,56.440000000000055,145.63,1,1,1.0
5,249,625.2,180.2,44.879999999999995,98.0,1,1,1.0
5,250,759.36,254.06,51.639999999999986,114.83999999999997,1,1,1.0
5,251,799.35,285.09,49.64999999999998,113.31,1,1,1.0
5,252,876.9,198.15,42.09000000000003,100.24999999999997,1,1,1.0
5,253,732.9,127.63,30.930000000000064,89.57,1,1,1.0
5,254,1163.1,166.41,37.23000000000002,113.48999999999998,1,1,1.0
5,255,792.56,478.4,14.740000000000009,19.700000000000045,1,2,1.0
6,245,318.5,416.16,56.48000000000002,148.07999999999998,1,1,1.0
6,246,378.33,388.28,58.47000000000003,131.82000000000005,1,1,1.0
6,247,634.7,381.28,84.19999999999993,123.82000000000005,1,1,1.0
6,248,751.3,403.68,57.90000000000009,144.32,1,1,1.0
6,249,620.24,186.95,40.460000000000036,98.03000000000003,1,1,1.0
6,250,733.5,285.29,54.89999999999998,126.50999999999999,1,1,1.0
6,251,746.58,317.1,46.039999999999964,109.70999999999998,1,1,1.0
6,252,870.7,195.37,37.39999999999998,111.02999999999997,1,1,1.0
6,253,709.2,126.08,42.89999999999998,89.92,1,1,1.0
6,254,1115.41,169.87,34.74000000000001,115.14999999999998,1,1,1.0
6,255,807.0,461.2,17.0,17.30000000000001,1,2,1.0
7,245,276.62,419.83,87.48000000000002,151.87000000000006,1,1,1.0
7,246,379.0,382.53,63.51999999999998,144.26999999999998,1,1,1.0
7,247,671.0,367.65,68.20000000000005,136.15000000000003,1,1,1.0
7,248,798.62,386.44,52.08000000000004,133.06,1,1,1.0
7,249,615.22,191.13,40.47000000000003,98.03000000000003,1,1,1.0
7,250,735.4,338.1,67.5,115.79999999999995,1,1,1.0
7,251,695.01,349.96,50.789999999999964,132.04000000000002,1,1,1.0
7,252,853.46,205.72,37.39999999999998,111.02000000000001,1,1,1.0
7,253,683.59,138.4,46.70999999999992,85.5,1,1,1.0
7,254,1068.28,174.46,34.74000000000001,115.15,1,1,1.0
7,255,840.1,432.8,18.0,19.30000000000001,1,2,1.0
8,245,239.2,419.37,63.69999999999999,160.73000000000002,1,1,1.0
8,246,387.3,378.49,55.30000000000001,137.30999999999995,1,1,1.0
8,247,656.79,366.22,39.710000000000036,145.17999999999995,1,1,1.0
8,248,852.6,351.95,55.47000000000003,136.15000000000003,1,1,1.0
8,249,603.73,206.07,40.47000000000003,98.03000000000003,1,1,1.0
8,250,747.8,332.92,56.90000000000009,115.07999999999998,1,1,1.0
8,251,688.08,370.93,40.120000000000005,133.07,1,1,1.0
8,252,823.4,224.52,54.10000000000002,103.87999999999997,1,1,1.0
8,253,686.39,147.92,31.230000000000018,93.22,1,1,1.0
8,254,1007.5,182.51,52.99000000000001,115.19,1,1,1.0
8,255,916.4,383.2,19.899999999999977,17.30000000000001,1,2,1.0
9,245,191.91,422.4,78.28999999999999,146.60000000000002,1,1,1.0
9,246,387.09,374.45,72.01000000000005,143.05,1,1,1.0
9,247,617.4,375.31,53.85000000000002,127.99000000000001,1,1,1.0
9,248,910.34,344.08,49.25999999999999,132.12,1,1,1.0
9,249,608.47,213.61,40.44999999999993,103.70999999999998,1,1,1.0
9,250,776.1,322.82,54.860000000000014,119.68,1,1,1.0
9,251,673.85,398.44,46.14999999999998,146.45999999999998,1,1,1.0
9,252,828.2,232.23,42.67999999999995,105.57000000000002,1,1,1.0
9,253,668.8,162.06,39.73000000000002,93.24000000000001,1,1,1.0
9,254,978.29,190.59,34.73000000000002,115.15,1,1,1.0
10,245,187.92,421.14,46.18000000000001,133.76,1,1,1.0
10,246,400.98,371.18,58.620000000000005,136.82,1,1,1.0
10,247,632.1,385.02,59.879999999999995,128.88,1,1,1.0
10,248,906.19,331.05,59.90999999999997,123.14999999999998,1,1,1.0
10,249,623.3,218.73,44.940000000000055,109.37000000000003,1,1,1.0
10,250,809.34,322.82,48.15999999999997,122.98000000000002,1,1,1.0
10,251,643.82,431.16,68.57999999999993,152.63999999999993,1,1,1.0
10,252,830.3,233.93,43.5,105.67000000000002,1,1,1.0
10,253,677.3,172.18,31.230000000000018,93.21999999999997,1,1,1.0
10,254,916.69,216.17,62.809999999999945,98.63000000000002,1,1,1.0
10,256,952.64,347.51,18.980000000000018,21.519999999999982,1,2,1.0
11,245,180.4,420.24,58.69999999999999,141.86,1,1,1.0
11,246,387.05,358.0,83.25,147.5,1,1,1.0
11,247,659.7,383.75,43.76999999999998,127.99000000000001,1,1,1.0
11,248,872.5,345.32,66.39999999999998,100.88,1,1,1.0
11,249,649.4,214.93,46.690000000000055,108.46999999999997,1,1,1.0
11,250,816.41,333.91,59.29000000000008,96.98999999999995,1,1,1.0
11,251,648.42,464.91,71.88,141.88999999999993,1,1,1.0
11,252,813.36,240.83,56.93999999999994,102.97,1,1,1.0
11,253,697.55,177.25,31.230000000000018,93.22000000000003,1,1,1.0
11,254,829.0,226.0,74.10000000000002,100.39999999999998,1,1,1.0
11,256,866.57,399.4,18.989999999999895,21.52000000000004,1,2,1.0
12,245,197.27,413.69,57.72999999999999,145.01000000000005,1,1,1.0
12,246,427.7,346.91,46.05000000000001,129.89,1,1,1.0
12,247,679.64,377.31,43.76999999999998,140.48999999999995,1,1,1.0
12,248,771.32,354.98,77.38,101.41999999999996,1,1,1.0
12,249,688.02,216.4,40.450000000000045,109.36999999999998,1,1,1.0
12,250,776.79,323.86,86.61000000000001,91.24000000000001,1,1,1.0
12,251,633.03,473.3,64.37,130.60999999999996,1,1,1.0
12,252,786.27,235.94,36.02999999999997,112.36000000000001,1,1,1.0
12,253,713.02,186.07,31.25,82.23000000000002,1,1,1.0
12,254,750.37,224.55,58.83000000000004,105.94999999999999,1,1,1.0
12,256,759.9,380.27,18.950000000000045,18.03000000000003,1,2,1.0
13,245,226.42,418.2,69.97999999999999,145.97999999999996,1,1,1.0
13,246,444.8,337.83,63.96999999999997,134.77000000000004,1,1,1.0
13,247,697.37,373.37,50.73000000000002,102.43,1,1,1.0
13,248,651.3,331.95,46.40000000000009,102.85000000000002,1,1,1.0
13,249,698.8,217.7,45.92000000000007,96.69999999999999,1,1,1.0
13,250,677.56,304.15,49.47000000000003,66.47000000000003,1,1,1.0
13,251,596.9,477.13,83.0,130.57000000000005,1,1,1.0
13,252,735.21,253.64,58.389999999999986,114.86000000000001,1,1,1.0
13,253,720.51,190.37,43.99000000000001,86.73000000000002,1,1,1.0
13,254,676.9,243.18,68.5,105.01999999999998,1,1,1.0
13,256,647.53,355.31,15.170000000000073,17.689999999999998,1,2,1.0
14,245,242.03,425.1,70.27000000000001,146.60000000000002,1,1,1.0
14,246,448.64,337.83,60.129999999999995,138.91000000000003,1,1,1.0
14,247,691.9,357.52,52.370000000000005,131.28000000000003,1,1,1.0
14,248,560.17,262.19,53.83000000000004,104.70999999999998,1,1,1.0
14,249,703.19,227.39,49.20999999999992,111.21000000000004,1,1,1.0
14,250,592.44,241.74,55.3599999999999,147.45999999999998,1,1,1.0
14,251,619.19,477.1,71.20999999999992,126.80999999999995,1,1,1.0
14,252,678.72,261.67,56.07999999999993,115.43,1,1,1.0
14,253,705.66,205.83,46.620000000000005,97.36999999999998,1,1,1.0
14,254,638.88,255.82,42.01999999999998,118.28000000000003,1,1,1.0
14,256,548.73,241.72,15.269999999999982,17.17999999999998,1,2,1.0
